0111111110
1111111111
1110000111
1110000111
1111111111
1111111111
1110000111
1110000111

1111111110
1111111111
1110000111
1111111110
1111111110
1110000111
1111111111
1111111110

0111111110
1111111111
1110000111
1110000000
1110000000
1110000111
1111111111
0111111110

1111111000
1111111110
1110000111
1110000111
1110000111
1110000111
1111111110
1111111000

1111111111
1111111111
1110000000
1111111111
1111111111
1110000000
1111111111
1111111111

1111111111
1111111111
1110000000
1111111110
1111111110
1110000000
1110000000
1110000000

0111111110
1111111111
1110000000
1110011111
1110011111
1110000111
1111111111
0111111110

1110000111
1110000111
1110000111
1111111111
1111111111
1110000111
1110000111
1110000111

1111111111
1111111111
0001111000
0001111000
0001111000
0001111000
1111111111
1111111111

0000001111
0000001111
0000001111
0000001111
0000001111
1110001111
1111111111
0111111110

1110001111
1110011110
1110111100
1111111000
1111111000
1110111100
1110011110
1110001111

1111000000
1111000000
1111000000
1111000000
1111000000
1111000000
1111111111
1111111111

1110000000111
1111000001111
1111100011111
1111111111111
1110111110111
1110011100111
1110000000111
1110000000111

1110000111
1111000111
1111100111
1111110111
1110111111
1110011111
1110001111
1110000111

0111111110
1111111111
1110000111
1110000111
1110000111
1110000111
1111111111
0111111110

1111111110
1111111111
1110000111
1111111111
1111111110
1110000000
1110000000
1110000000

0111111110
1111111111
1111000111
1110100111
1110010111
1110001111
1111111111
0111111110

1111111110
1111111111
1110000111
1111111111
1111111110
1110111100
1110011110
1110001111

0111111111110
1111111111111
1111000000000
1111111111110
0111111111111
0000000001111
1111111111111
0111111111110

1111111111111
1111111111111
0000111110000
0000111110000
0000111110000
0000111110000
0000111110000
0000111110000

1111000001111
1111000001111
1111000001111
1111000001111
1111000001111
1111100011111
0111111111110
0001111111000

1110000000111
1110000000111
1110000000111
0111000001110
0011100011100
0001110111000
0000111110000
0000011100000

1110000000111
1110000000111
1110000000111
1110011100111
1110111110111
1111111111111
1111100011111
1111000001111

1111000001111
0111100011110
0011110111100
0001111111000
0001111111000
0011110111100
0111100011110
1111000001111

1110000000111
0111000001110
0011100011100
0001110111000
0000111110000
0000011100000
0000011100000
0000011100000

1111111111111
1111111111111
0000000111110
0000011111000
0001111100000
0111110000000
1111111111111
1111111111111

10000000010000000000000111100000011110000000000000000000000000011110000001111000
00000000010000000000000111100000000000010000000001000111100000000000000000000001
10000000010000000000000111100000011111110001111111000111100000000000001000000001
00000001110000000001000111100000011110000001111000000111100000000000010000000111
00000000000000000000000111111100000000000000000000000111111100000000000000000000
00000000000000000000000111111100000000010000000001000111111100011111110001111111
10000000010000000000000111111100011000000001100000000111100000000000001000000001
00011110000001111000000111100000000000000000000000000111100000011110000001111000
00000000000000000000111000011111100001111110000111111000011100000000000000000000
11111100001111110000111111000011111100001111110000000111000000000000001000000001
00011100000001100001000100001100000001110000000111000100001100011000010001110000
00001111110000111111000011111100001111110000111111000011111100000000000000000000
00011111110000000111110000000001110000000000000000000001000001000000110001100000011111110000001111111000
00011110000000111000000001100000000010000001000000000110000000011100000001111000
10000000010000000000000111100000011110000001111000000111100000000000001000000001
00000000010000000000000111100000000000000000000001000111111100011111110001111111
10000000010000000000000011100000010110000001101000000111000000000000001000000001
00000000010000000000000111100000000000000000000001000100001100011000010001110000
10000000000010000000000000000011111111100000000000011000000000000111111111000000000000000001000000000001
00000000000000000000000000111100000111111110000011111111000001111111100000111111110000011111111000001111
00001111100000000111110000000011111000000001111100000000111110000000001110000010000000000011110000000111
00011111110000001111111000000111111100010001111100011100011100011111000100011111110000011111111100011111
00011111110000001111111000000111111100000011000110000001000001000000000000000000000111000000000111110000
00001111100001000011100001110000100001111100000001111110000000111110000100001110000111000010000111110000
00011111110001000111110001110001110001111100010001111111000001111111110001111111111000111111111100011111
00000000000000000000000000111111100000111111000001111110000011111100000111111100000000000000000000000000